0.054286	0.054910	0.055167	0.068487	0.115885	0.132357
0.055992	0.057404	0.057971	0.076989	0.128079	0.161945
0.057696	0.059898	0.060744	0.085317	0.140347	0.194158
0.059392	0.062447	0.063499	0.093459	0.152691	0.227255
0.061077	0.065046	0.066253	0.101416	0.165177	0.264221
0.062763	0.067644	0.069070	0.109236	0.177945	0.308572
0.064435	0.070350	0.072076	0.117028	0.191356	0.357998
0.066102	0.073080	0.075561	0.124923	0.205905	0.419633
0.067762	0.075910	0.079776	0.133017	0.221660	0.504172
0.069416	0.078803	0.084696	0.141374	0.238300	0.638577
0.071065	0.081863	0.090245	0.149999	0.255982	1.146350
0.072713	0.085046	0.096236	0.158827	0.275079	1.886211
0.074370	0.088428	0.102497	0.167796	0.296767	2.575478
0.076053	0.092046	0.108990	0.176863	0.322258	3.298491
0.077789	0.095835	0.115669	0.186000	0.352727	4.013064
0.079614	0.099738	0.122498	0.195241	0.388874	4.727636
0.081559	0.103739	0.129496	0.204641	0.430071	5.442209
0.083680	0.107845	0.136632	0.214339	0.475873	6.156782
0.086011	0.112050	0.143930	0.224781	0.528307	6.871354
0.088587	0.116338	0.151475	0.236697	0.589669	7.585927
0.091472	0.120719	0.159397	0.251196	0.664452	8.300500
0.094693	0.125281	0.168008	0.268476	0.764972	9.015072
0.098232	0.130084	0.177330	0.288702	0.884899	9.729645
0.102118	0.135140	0.187496	0.311987	1.036895	10.444218
0.106315	0.140434	0.198381	0.338052	1.172369	11.158791
0.110874	0.145940	0.210196	0.366347	1.306253	11.873363
0.115751	0.151645	0.222965	0.396537	1.453315	12.587936
0.121024	0.157568	0.236539	0.428652	1.615340	13.302509
0.126700	0.163830	0.250336	0.463147	1.748039	14.017081
0.132818	0.170676	0.264245	0.500377	1.881785	14.731654
0.139417	0.178293	0.278344	0.539949	2.017280	15.446227
0.146411	0.186660	0.292735	0.580990	2.156453	16.160799
0.153741	0.195688	0.307501	0.623131	2.293827	16.875372
0.161376	0.205167	0.322736	0.666318	2.435328	17.589945
0.169347	0.215039	0.338565	0.710805	2.584734	18.304518
0.177723	0.225232	0.355176	0.756997	2.713222	19.019090
0.186590	0.235737	0.372738	0.805194	2.853929	19.733663
0.195956	0.246626	0.391477	0.854987	2.992584	20.448236
0.205799	0.257938	0.411419	0.905636	3.131444	21.162808
0.216105	0.269799	0.432553	0.956681	3.270304	21.877381
0.226818	0.282297	0.454984	1.008289	3.409164	22.591954
0.237836	0.295414	0.478899	1.060823	3.548024	23.306526
0.249115	0.309001	0.503556	1.114738	3.686885	24.021099
0.260629	0.322916	0.527806	1.169351	3.825745	24.735672
0.272359	0.337019	0.550864	1.222963	3.964605	25.450245
0.284314	0.351185	0.573166	1.275055	4.103465	26.164817
0.296503	0.365327	0.595481	1.326831	4.242325	26.879390
0.308942	0.379438	0.618407	1.379216	4.381185	27.593963
0.321648	0.393519	0.642118	1.432621	4.520045	28.308535
0.334616	0.407564	0.666207	1.486758	4.658906	29.023108
0.347775	0.421577	0.690062	1.541146	4.797766	29.737681
0.361060	0.435545	0.713217	1.595051	4.936626	30.452253
0.374396	0.449452	0.735879	1.648581	5.075486	31.166826
0.387728	0.463267	0.758566	1.706158	5.214346	31.881399
0.401016	0.476959	0.781952	1.764737	5.353206	32.595972
0.414219	0.490535	0.806585	1.819994	5.492066	33.310544
0.427320	0.504058	0.832063	1.873008	5.630927	34.025117
0.440311	0.517566	0.856844	1.925301	5.769787	34.739690
0.453203	0.530854	0.880589	1.977703	5.908647	35.454262
0.465998	0.543688	0.903910	2.030782	6.047507	36.168835
0.478705	0.556115	0.927402	2.084829	6.186367	36.883408
0.491324	0.568398	0.951422	2.139426	6.325227	37.597981
0.503842	0.580694	0.975837	2.193979	6.464087	38.312553
0.516255	0.592998	1.000237	2.248172	6.602948	39.027126
0.528531	0.605239	1.024306	2.302184	6.741808	39.741699
0.540642	0.617364	1.048200	2.356353	6.880668	40.456271
0.552572	0.629332	1.072220	2.411295	7.019528	41.170844
0.564315	0.641130	1.096607	2.468059	7.158388	41.885417
0.575875	0.652766	1.121337	2.524516	7.297248	42.599989
0.587262	0.664250	1.146077	2.577413	7.436108	43.314562
0.598508	0.675582	1.170460	2.628455	7.574969	44.029135
0.609646	0.686746	1.194138	2.679071	7.713829	44.743708
0.620703	0.697734	1.216970	2.730160	7.852689	45.458280
0.631695	0.708564	1.239181	2.782992	7.991549	46.172853
0.642641	0.719242	1.261146	2.837381	8.130409	46.887426
0.653554	0.729809	1.283216	2.891378	8.269269	47.601998
0.664459	0.740290	1.305562	2.945351	8.408129	48.316571
0.675374	0.750699	1.328312	2.995243	8.546990	49.031144
0.686275	0.761055	1.351620	3.047694	8.685850	49.745716
0.697066	0.771364	1.375297	3.100144	8.824710	50.460289
0.707571	0.781626	1.398773	3.152595	8.963570	51.174862
0.717722	0.791836	1.421604	3.205046	9.102430	51.889435
0.727640	0.801995	1.444046	3.257496	9.241290	52.604007
0.737440	0.812096	1.466474	3.309947	9.380150	53.318580
0.747224	0.822136	1.489105	3.362398	9.519011	54.033153
0.757008	0.832121	1.511970	3.414848	9.657871	54.747725
0.766781	0.842060	1.535063	3.467299	9.796731	55.462298
0.776520	0.851946	1.558461	3.519750	9.935591	56.176871
0.786214	0.861717	1.582357	3.572200	10.074451	56.891443
0.795863	0.871270	1.606842	3.624651	10.213311	57.606016
0.805469	0.880449	1.631575	3.677101	10.352171	58.320589
0.815039	0.889326	1.656021	3.729552	10.491032	59.035162
0.824520	0.898234	1.680135	3.782003	10.629892	59.749734
0.833855	0.907383	1.703889	3.834453	10.768752	60.464307
0.843021	0.916792	1.727227	3.886904	10.907612	61.178880
0.852039	0.926355	1.750361	3.939355	11.046472	61.893452
0.860978	0.935982	1.773533	3.991805	11.185332	62.608025
0.869897	0.945627	1.796762	4.044256	11.324192	63.322598
0.878828	0.955262	1.819657	4.096706	11.463053	64.037171

-0.620779	-0.484037	-0.284848	-0.199563	-0.172113	-0.152095
-0.584651	-0.458032	-0.269086	-0.189024	-0.168360	-0.143878
-0.550131	-0.432385	-0.253783	-0.178913	-0.163732	-0.135504
-0.517096	-0.407150	-0.238895	-0.169246	-0.158121	-0.127004
-0.485335	-0.382279	-0.224348	-0.159898	-0.151510	-0.118464
-0.454558	-0.357918	-0.210141	-0.150771	-0.144014	-0.109676
-0.424785	-0.334029	-0.196262	-0.141832	-0.135901	-0.100773
-0.396262	-0.310849	-0.182715	-0.133053	-0.127507	-0.091618
-0.369048	-0.288210	-0.169520	-0.124351	-0.119016	-0.082226
-0.343049	-0.266076	-0.156744	-0.115664	-0.110440	-0.072470
-0.318009	-0.244458	-0.144507	-0.106952	-0.101745	-0.062318
-0.293808	-0.223384	-0.132884	-0.098199	-0.092900	-0.051550
-0.270306	-0.203041	-0.121866	-0.089386	-0.083854	-0.040220
-0.247746	-0.183755	-0.111399	-0.080497	-0.074536	-0.028245
-0.226028	-0.165446	-0.101354	-0.071513	-0.064844	-0.015819
-0.205374	-0.148100	-0.091597	-0.062407	-0.054618	-0.003003
-0.185871	-0.131702	-0.082016	-0.053144	-0.043613	0.010376
-0.167439	-0.116111	-0.072518	-0.043679	-0.031507	0.024548
-0.149713	-0.101288	-0.063048	-0.033955	-0.018083	0.040153
-0.132595	-0.087138	-0.053569	-0.023850	-0.002755	0.059279
-0.116029	-0.073619	-0.044051	-0.013197	0.014377	0.085300
-0.100098	-0.060723	-0.034467	-0.001819	0.033345	0.119999
-0.084857	-0.048365	-0.024793	0.010563	0.054623	0.159286
-0.070343	-0.036427	-0.014999	0.024117	0.078132	0.204307
-0.056670	-0.024829	-0.005041	0.038903	0.104676	0.257330
-0.043884	-0.013500	0.005147	0.054900	0.134426	0.320077
-0.031792	-0.002379	0.015679	0.071788	0.167359	0.396194
-0.020345	0.008617	0.026743	0.089530	0.203525	0.489634
-0.009397	0.019571	0.038563	0.108420	0.242724	0.593946
0.001196	0.030513	0.051490	0.128587	0.285287	0.712188
0.011506	0.041443	0.065682	0.150112	0.330759	0.856306
0.021618	0.052356	0.081145	0.172961	0.378600	1.031783
0.031594	0.063250	0.097263	0.197098	0.428181	1.227116
0.041466	0.074119	0.113835	0.222456	0.479275	1.431371
0.051266	0.084943	0.130889	0.249189	0.531962	1.639082
0.061023	0.095697	0.148514	0.277603	0.586763	1.847094
0.070772	0.106346	0.166763	0.307970	0.645074	2.052042
0.080542	0.116862	0.185719	0.340276	0.709863	2.251751
0.090382	0.127379	0.205633	0.374084	0.786787	2.446721
0.100319	0.138172	0.226608	0.408926	0.886020	2.637879
0.110416	0.149562	0.248716	0.444725	1.008272	2.856128
0.120719	0.161829	0.272265	0.481439	1.140339	3.050767
0.131339	0.175222	0.297197	0.519224	1.276756	3.252003
0.142371	0.190163	0.323583	0.558570	1.415011	3.453240
0.153919	0.206779	0.351390	0.600255	1.554349	3.654476
0.166117	0.225013	0.380407	0.645079	1.694385	3.855713
0.179108	0.244696	0.410488	0.693310	1.834945	4.056949
0.193111	0.265575	0.441483	0.744266	1.975918	4.258186
0.208479	0.287481	0.473411	0.797142	2.117209	4.459422
0.225389	0.309986	0.506422	0.851720	2.258801	4.660659
0.243739	0.333054	0.540708	0.908275	2.400647	4.861895
0.263147	0.356555	0.576530	0.967944	2.542665	5.063131
0.283312	0.380512	0.613939	1.033181	2.684238	5.264368
0.304086	0.405081	0.652850	1.107525	2.818853	5.465604
0.325433	0.430336	0.693196	1.195902	2.978991	5.666841
0.347448	0.456454	0.735058	1.311923	3.111647	5.868077
0.370111	0.483601	0.778622	1.450595	3.253696	6.069314
0.393475	0.511748	0.824364	1.592904	3.395745	6.270550
0.417786	0.540876	0.872578	1.735671	3.537794	6.471787
0.442899	0.570626	0.923707	1.878485	3.679843	6.673023
0.468912	0.600864	0.977835	2.021431	3.821892	6.874260
0.495755	0.631577	1.034177	2.164572	3.963941	7.075496
0.523454	0.662818	1.092043	2.308003	4.105989	7.276733
0.551951	0.694913	1.150981	2.451820	4.248038	7.477969
0.581654	0.728571	1.210853	2.596397	4.390087	7.679205
0.612848	0.764579	1.271917	2.742040	4.532136	7.880442
0.645859	0.802929	1.335074	2.889738	4.674185	8.081678
0.680781	0.842818	1.403996	3.031716	4.816234	8.282915
0.717327	0.883786	1.482755	3.176295	4.958283	8.484151
0.755280	0.926612	1.573198	3.320875	5.100331	8.685388
0.794674	0.972248	1.683620	3.465455	5.242380	8.886624
0.835919	1.021278	1.822899	3.610034	5.384429	9.087861
0.879819	1.073869	1.980145	3.754614	5.526478	9.289097
0.927470	1.129424	2.142242	3.899193	5.668527	9.490334
0.979454	1.187680	2.305520	4.043773	5.810576	9.691570
1.035133	1.248849	2.470269	4.188353	5.952625	9.892807
1.093268	1.313942	2.639164	4.332932	6.094673	10.094043
1.153421	1.384210	2.813127	4.477512	6.236722	10.295279
1.215641	1.461558	2.961760	4.622091	6.378771	10.496516
1.280526	1.552452	3.123920	4.766671	6.520820	10.697752
1.349128	1.653425	3.286080	4.911251	6.662869	10.898989
1.422674	1.759366	3.448241	5.055830	6.804918	11.100225
1.501422	1.870274	3.610401	5.200410	6.946967	11.301462
1.585003	1.982049	3.772561	5.344989	7.089015	11.502698
1.673666	2.083106	3.934721	5.489569	7.231064	11.703935
1.765412	2.182968	4.096882	5.634148	7.373113	11.905171
1.857228	2.286950	4.259042	5.778728	7.515162	12.106408
1.947812	2.403004	4.421202	5.923308	7.657211	12.307644
2.036881	2.558124	4.583363	6.067887	7.799260	12.508881
2.124684	2.643775	4.745523	6.212467	7.941309	12.710117
2.211439	2.756462	4.907683	6.357046	8.083357	12.911353
2.297549	2.869149	5.069843	6.501626	8.225406	13.112590
2.383175	2.981836	5.232004	6.646206	8.367455	13.313826
2.468384	3.094523	5.394164	6.790785	8.509504	13.515063
2.553210	3.207211	5.556324	6.935365	8.651553	13.716299
2.637687	3.319898	5.718485	7.079944	8.793602	13.917536
2.722330	3.432585	5.880645	7.224524	8.935651	14.118772
2.808902	3.545272	6.042805	7.369103	9.077699	14.320009
2.900530	3.657959	6.204965	7.513683	9.219748	14.521245